[gd_scene load_steps=24 format=3 uid="uid://c4hewvicu5pou"]

[ext_resource type="PackedScene" uid="uid://btfmllbek7mwv" path="res://Player/Player.tscn" id="1_hmnd8"]
[ext_resource type="Script" path="res://script/RigidCollid.gd" id="1_udvky"]
[ext_resource type="PackedScene" uid="uid://bjetb0lk0hdiq" path="res://OBJECTS/Cube.tscn" id="1_xxrro"]
[ext_resource type="PackedScene" uid="uid://csphts0qqn4en" path="res://PlanSimple.tscn" id="2_boltm"]
[ext_resource type="Texture2D" uid="uid://cs6axl2hativ0" path="res://Textures/grid.png" id="3_rxvkj"]
[ext_resource type="FontFile" uid="uid://7mcak38aog2e" path="res://font/FiraCode-Medium.ttf" id="6_31g42"]
[ext_resource type="Script" path="res://script/fps.gd" id="7_bfcsj"]
[ext_resource type="PackedScene" uid="uid://bh28ck1nawoci" path="res://OBJECTS/Parois1.tscn" id="8_228le"]
[ext_resource type="PackedScene" uid="uid://dtb640b4n081h" path="res://OBJECTS/TabouretRadio.tscn" id="9_noaky"]
[ext_resource type="PackedScene" uid="uid://cqrmassiroo8l" path="res://OBJECTS/lorenzo.tscn" id="10_i28mk"]

[sub_resource type="ProceduralSkyMaterial" id="ProceduralSkyMaterial_yj1ks"]
sky_curve = 0.126134

[sub_resource type="Sky" id="Sky_awi5y"]
sky_material = SubResource("ProceduralSkyMaterial_yj1ks")

[sub_resource type="Environment" id="Environment_g5h1w"]
background_mode = 2
sky = SubResource("Sky_awi5y")
ambient_light_source = 3
ambient_light_color = Color(0, 0, 0.396078, 1)
ambient_light_sky_contribution = 0.42
tonemap_mode = 2
sdfgi_use_occlusion = true
glow_enabled = true
glow_strength = 0.44
glow_bloom = 0.59
glow_blend_mode = 0
fog_sky_affect = 0.2
volumetric_fog_enabled = true
volumetric_fog_density = 0.014
volumetric_fog_detail_spread = 1.8025
volumetric_fog_sky_affect = 0.067
adjustment_enabled = true
adjustment_saturation = 0.7

[sub_resource type="CameraAttributesPractical" id="CameraAttributesPractical_afenx"]
dof_blur_far_enabled = true
dof_blur_far_distance = 4.6
dof_blur_far_transition = 19.2
dof_blur_near_distance = 2.71
dof_blur_near_transition = 1.7
auto_exposure_min_sensitivity = 413.55

[sub_resource type="Gradient" id="Gradient_4lsnw"]
offsets = PackedFloat32Array(0.446154, 0.538462)

[sub_resource type="FastNoiseLite" id="FastNoiseLite_h0168"]
frequency = 0.233

[sub_resource type="NoiseTexture3D" id="NoiseTexture3D_ncq08"]
width = 256
height = 256
depth = 256
color_ramp = SubResource("Gradient_4lsnw")
noise = SubResource("FastNoiseLite_h0168")

[sub_resource type="FogMaterial" id="FogMaterial_kasbf"]
density = 1.1764
albedo = Color(0.85098, 0.85098, 0.85098, 1)
height_falloff = 0.316519
edge_fade = 0.303143
density_texture = SubResource("NoiseTexture3D_ncq08")

[sub_resource type="ORMMaterial3D" id="ORMMaterial3D_gfs3w"]
albedo_texture = ExtResource("3_rxvkj")
orm_texture = ExtResource("3_rxvkj")
uv1_scale = Vector3(50, 50, 50)

[sub_resource type="BoxMesh" id="BoxMesh_o78qh"]
material = SubResource("ORMMaterial3D_gfs3w")
size = Vector3(100, 100, 100)

[sub_resource type="ORMMaterial3D" id="ORMMaterial3D_etg5i"]
albedo_color = Color(0.298039, 0.721569, 0.917647, 1)

[sub_resource type="BoxMesh" id="BoxMesh_tancq"]
material = SubResource("ORMMaterial3D_etg5i")

[sub_resource type="BoxShape3D" id="BoxShape3D_h6854"]
size = Vector3(0.998535, 1, 1)

[node name="MainScene" type="Node3D"]

[node name="WorldEnvironment" type="WorldEnvironment" parent="."]
environment = SubResource("Environment_g5h1w")
camera_attributes = SubResource("CameraAttributesPractical_afenx")

[node name="DirectionalLight3D" type="DirectionalLight3D" parent="."]
transform = Transform3D(0.485062, 0.393028, -0.781181, -0.202498, 0.919512, 0.336887, 0.850711, -0.00522332, 0.525608, 0, 4.16975, 0)
shadow_enabled = true
shadow_blur = 0.25

[node name="RigidBody3D" parent="." instance=ExtResource("1_xxrro")]

[node name="Player" parent="." instance=ExtResource("1_hmnd8")]
speed = 6

[node name="Plan2" parent="." instance=ExtResource("2_boltm")]

[node name="FogVolume" type="FogVolume" parent="."]
transform = Transform3D(1, 0, 0, 0, 1, 0, 0, 0, 1, -0.0040164, -3.76032, 0.010602)
visible = false
size = Vector3(100, 22.3551, 100)
shape = 2
material = SubResource("FogMaterial_kasbf")

[node name="MeshInstance3D" type="MeshInstance3D" parent="."]
transform = Transform3D(1, 0, 0, 0, 1, 0, 0, 0, 1, -343.558, 55.5145, 251.12)
mesh = SubResource("BoxMesh_o78qh")

[node name="fpsCounter" type="CanvasLayer" parent="."]

[node name="fpsCounter" type="Control" parent="fpsCounter"]
layout_mode = 3
anchors_preset = 0
offset_right = 215.0
offset_bottom = 115.0
metadata/_edit_lock_ = true

[node name="back" type="ColorRect" parent="fpsCounter/fpsCounter"]
layout_mode = 0
offset_left = 16.0
offset_top = 16.0
offset_right = 102.0
offset_bottom = 44.0
color = Color(0, 0, 0, 1)

[node name="fps" type="Label" parent="fpsCounter/fpsCounter"]
layout_mode = 0
offset_left = 16.0
offset_top = 16.0
offset_right = 102.0
offset_bottom = 44.0
theme_override_fonts/font = ExtResource("6_31g42")
theme_override_font_sizes/font_size = 12
text = "fps : 30"
horizontal_alignment = 1
vertical_alignment = 1
script = ExtResource("7_bfcsj")

[node name="SpotLight3D" type="SpotLight3D" parent="."]
transform = Transform3D(0.910903, -0.00579117, -0.412581, 0.412461, -0.0151252, 0.91085, -0.0115152, -0.999869, -0.0113889, -1.55652, 5.68856, -1.42854)
light_color = Color(1, 0.901961, 0.545098, 1)
light_energy = 3.233
shadow_enabled = true
spot_range = 26.5056
spot_attenuation = 0.133972
spot_angle_attenuation = 0.0980732

[node name="Parois" parent="." instance=ExtResource("8_228le")]
transform = Transform3D(0.724749, 0, -0.689013, 0, 1, 0, 0.689013, 0, 0.724749, 10.6368, -0.243042, -5.19653)

[node name="Node3D" parent="." instance=ExtResource("9_noaky")]
transform = Transform3D(-0.0900938, 0, -0.995933, 0, 1, 0, 0.995933, 0, -0.0900938, -13.4476, 0, -4.20339)

[node name="RigidBody3D2" type="RigidBody3D" parent="."]
transform = Transform3D(1, 0, 0, 0, 1, 0, 0, 0, 1, 1.98387, 0.502832, -2.24759)
script = ExtResource("1_udvky")

[node name="cube" type="MeshInstance3D" parent="RigidBody3D2"]
mesh = SubResource("BoxMesh_tancq")
skeleton = NodePath("../..")

[node name="CollisionShape3D" type="CollisionShape3D" parent="RigidBody3D2"]
transform = Transform3D(1, 0, 0, 0, 1, 0, 0, 0, 1, 0.000732422, 0, 0)
shape = SubResource("BoxShape3D_h6854")

[node name="RigidBody3D" type="RigidBody3D" parent="RigidBody3D2"]
transform = Transform3D(1, 0, 0, 0, 1, 0, 0, 0, 1, 1.98387, 0.502832, -2.24759)
script = ExtResource("1_udvky")

[node name="cube" type="MeshInstance3D" parent="RigidBody3D2/RigidBody3D"]
mesh = SubResource("BoxMesh_tancq")
skeleton = NodePath("../..")

[node name="CollisionShape3D" type="CollisionShape3D" parent="RigidBody3D2/RigidBody3D"]
transform = Transform3D(1, 0, 0, 0, 1, 0, 0, 0, 1, 0.000732422, 0, 0)
shape = SubResource("BoxShape3D_h6854")

[node name="RigidBody3D" type="RigidBody3D" parent="RigidBody3D2/RigidBody3D"]
transform = Transform3D(1, 0, 0, 0, 1, 0, 0, 0, 1, 1.98387, 0.502832, -2.24759)
script = ExtResource("1_udvky")

[node name="cube" type="MeshInstance3D" parent="RigidBody3D2/RigidBody3D/RigidBody3D"]
mesh = SubResource("BoxMesh_tancq")
skeleton = NodePath("../..")

[node name="CollisionShape3D" type="CollisionShape3D" parent="RigidBody3D2/RigidBody3D/RigidBody3D"]
transform = Transform3D(1, 0, 0, 0, 1, 0, 0, 0, 1, 0.000732422, 0, 0)
shape = SubResource("BoxShape3D_h6854")

[node name="collectionLorenzo" type="Node3D" parent="."]

[node name="Lorenzo" parent="collectionLorenzo" instance=ExtResource("10_i28mk")]
transform = Transform3D(0.6654, 0, 0.746487, 0, 1, 0, -0.746487, 0, 0.6654, -18.2522, 0, -6.00939)

[node name="Lorenzo2" parent="collectionLorenzo" instance=ExtResource("10_i28mk")]
transform = Transform3D(0.6654, 0, 0.746487, 0, 1, 0, -0.746487, 0, 0.6654, -22.1143, 0, -3.038)

[node name="Lorenzo3" parent="collectionLorenzo" instance=ExtResource("10_i28mk")]
transform = Transform3D(0.6654, 0, 0.746487, 0, 1, 0, -0.746487, 0, 0.6654, -30.0682, 0, -21.372)

[node name="Lorenzo4" parent="collectionLorenzo" instance=ExtResource("10_i28mk")]
transform = Transform3D(0.6654, 0, 0.746487, 0, 1, 0, -0.746487, 0, 0.6654, -13.212, 0, -12.9027)

[node name="Lorenzo5" parent="collectionLorenzo" instance=ExtResource("10_i28mk")]
transform = Transform3D(0.6654, 0, 0.746487, 0, 1, 0, -0.746487, 0, 0.6654, -23.7439, 0, -9.55876)

[node name="Lorenzo6" parent="collectionLorenzo" instance=ExtResource("10_i28mk")]
transform = Transform3D(0.6654, 0, 0.746487, 0, 1, 0, -0.746487, 0, 0.6654, -5.09929, 0, -11.1884)

[node name="Lorenzo7" parent="collectionLorenzo" instance=ExtResource("10_i28mk")]
transform = Transform3D(0.6654, 0, 0.746487, 0, 1, 0, -0.746487, 0, 0.6654, -5.09929, 0, -11.1884)

[node name="Lorenzo8" parent="collectionLorenzo" instance=ExtResource("10_i28mk")]
transform = Transform3D(0.6654, 0, 0.746487, 0, 1, 0, -0.746487, 0, 0.6654, -16.1486, 0, 1.0988)

[node name="Lorenzo9" parent="collectionLorenzo" instance=ExtResource("10_i28mk")]
transform = Transform3D(0.6654, 0, 0.746487, 0, 1, 0, -0.746487, 0, 0.6654, -33.1486, 0, -2.9012)

[node name="Lorenzo10" parent="collectionLorenzo" instance=ExtResource("10_i28mk")]
transform = Transform3D(0.6654, 0, 0.746487, 0, 1, 0, -0.746487, 0, 0.6654, -33.1486, 0, -2.9012)
